#====== H (10) into Layer 1                      =======
#        SRIM-2013.00
#========================================
#      Ion and Recoil IONIZATION     
# See SRIM Outputs\TDATA.txt for details   
#========================================
#--------------------------------------------------------------------
#    Recoil/Damage Calculations made with Kinchin-Pease Estimates    
#--------------------------------------------------------------------
# See file :  SRIM Outputs\TDATA.txt   for calculation data
# Ion    = He   Energy = 10000 keV
#============= TARGET MATERIAL ======================================
#Layer 1 : Carbon Dioxide (ICRU-134)
#Layer Width = 10000.E+06 A ;
#  Layer # 1- Density = 1.398E19 atoms/cm3 = 3.406 g/cm3
#  Layer # 1-  C = 33.3 Atomic Percent = 27.2 Mass Percent
#  Layer # 1-  O = 66.6 Atomic Percent = 72.7 Mass Percent
#====================================================================
# Total Ions calculated =000999.00
#===============================================================
#  Ionization Energy Units are  >>>>  eV /(Angstrom-Ion)  <<<<  
#===============================================================
#
#  TARGET       IONIZ.       IONIZ.  
#  DEPTH         by           by     
#  (Ang)        IONS         RECOILS 
#-----------  -----------  -----------
5.0000E+7	1.5734E-3	2.94341E-8
1.0000E+8	1.5869E-3	4.9677E-8
1.5000E+8	1.5990E-3	3.31203E-7
2.0000E+8	1.6060E-3	5.03933E-8
2.5000E+8	1.6197E-3	1.16821E-7
3.0000E+8	1.6217E-3	7.7838E-8
3.5000E+8	1.6355E-3	1.40213E-6
4.0000E+8	1.6465E-3	6.89765E-8
4.5000E+8	1.6521E-3	4.55299E-8
5.0000E+8	1.6713E-3	8.56084E-8
5.5000E+8	1.6786E-3	7.68581E-8
6.0000E+8	1.6918E-3	2.0855E-7
6.5000E+8	1.7090E-3	5.53057E-8
7.0000E+8	1.7278E-3	9.02925E-8
7.5000E+8	1.7359E-3	2.20607E-7
8.0000E+8	1.7457E-3	1.43604E-7
8.5000E+8	1.7650E-3	1.02915E-7
9.0000E+8	1.7725E-3	2.27164E-7
9.5000E+8	1.7841E-3	2.27303E-7
1.0000E+9	1.7993E-3	6.6918E-8
1.0500E+9	1.8172E-3	1.0075E-7
1.1000E+9	1.8315E-3	2.41284E-7
1.1500E+9	1.8441E-3	7.0187E-8
1.2000E+9	1.8586E-3	1.54391E-7
1.2500E+9	1.8763E-3	6.13777E-8
1.3000E+9	1.8926E-3	2.20032E-7
1.3500E+9	1.9125E-3	2.21445E-7
1.4000E+9	1.9266E-3	6.39486E-7
1.4500E+9	1.9391E-3	1.74699E-7
1.5000E+9	1.9588E-3	8.61707E-8
1.5500E+9	1.9821E-3	1.3417E-7
1.6000E+9	1.9964E-3	6.70318E-8
1.6500E+9	2.0204E-3	1.03219E-7
1.7000E+9	2.0325E-3	1.8366E-7
1.7500E+9	2.0566E-3	1.20841E-7
1.8000E+9	2.0814E-3	1.3043E-7
1.8500E+9	2.1016E-3	8.48409E-8
1.9000E+9	2.1254E-3	4.32788E-7
1.9500E+9	2.1512E-3	1.19332E-7
2.0000E+9	2.1731E-3	1.95227E-7
2.0500E+9	2.2027E-3	1.61419E-7
2.1000E+9	2.2306E-3	1.36087E-7
2.1500E+9	2.2611E-3	3.26661E-7
2.2000E+9	2.2960E-3	5.40781E-7
2.2500E+9	2.3223E-3	5.13247E-6
2.3000E+9	2.3583E-3	1.12376E-7
2.3500E+9	2.3953E-3	1.13062E-7
2.4000E+9	2.4324E-3	9.67702E-8
2.4500E+9	2.4683E-3	1.38906E-6
2.5000E+9	2.5107E-3	1.36283E-7
2.5500E+9	2.5486E-3	2.66602E-7
2.6000E+9	2.6065E-3	3.39755E-5
2.6500E+9	2.6569E-3	1.32538E-7
2.7000E+9	2.6991E-3	2.30083E-6
2.7500E+9	2.7286E-3	4.64075E-7
2.8000E+9	2.7954E-3	3.32476E-7
2.8500E+9	2.8588E-3	5.51819E-7
2.9000E+9	2.9223E-3	1.81229E-7
2.9500E+9	2.9912E-3	4.67999E-7
3.0000E+9	3.0612E-3	3.53886E-7
3.0500E+9	3.1387E-3	7.89154E-7
3.1000E+9	3.2360E-3	3.70385E-7
3.1500E+9	3.3328E-3	3.29842E-7
3.2000E+9	3.4393E-3	2.63464E-7
3.2500E+9	3.5520E-3	2.6568E-7
3.3000E+9	3.6973E-3	4.72641E-7
3.3500E+9	3.8484E-3	1.07784E-6
3.4000E+9	4.0190E-3	3.84853E-7
3.4500E+9	4.2211E-3	7.37435E-7
3.5000E+9	4.4490E-3	4.80425E-7
3.5050E+9	4.5274E-3	9.41567E-8
3.5100E+9	4.5305E-3	3.42612E-5
3.5150E+9	4.5446E-3	3.36435E-7
3.5200E+9	4.5592E-3	1.69303E-7
3.5250E+9	4.5937E-3	2.84093E-7
3.5300E+9	4.6284E-3	4.851E-7
3.5350E+9	4.6542E-3	1.56567E-7
3.5400E+9	4.6803E-3	6.13051E-7
3.5450E+9	4.7106E-3	5.65165E-7
3.5500E+9	4.7384E-3	3.96287E-7
3.5550E+9	4.7738E-3	1.071E-6
3.5600E+9	4.8127E-3	8.72284E-7
3.5650E+9	4.8411E-3	3.52089E-7
3.5700E+9	4.8702E-3	2.71166E-7
3.5750E+9	4.8955E-3	3.47287E-7
3.5800E+9	4.9179E-3	1.25021E-6
3.5850E+9	4.9508E-3	3.26739E-7
3.5900E+9	4.9867E-3	2.87595E-7
3.5950E+9	5.0221E-3	4.22347E-7
3.6000E+9	5.0449E-3	3.28925E-7
3.6050E+9	5.0815E-3	2.43908E-7
3.6100E+9	5.1132E-3	4.40144E-7
3.6150E+9	5.1572E-3	6.74616E-7
3.6200E+9	5.2085E-3	4.87456E-7
3.6250E+9	5.2407E-3	7.29325E-6
3.6300E+9	5.2721E-3	6.9989E-7
3.6350E+9	5.2939E-3	6.70269E-7
3.6400E+9	5.3353E-3	5.39182E-6
3.6450E+9	5.3827E-3	7.63689E-7
3.6500E+9	5.4236E-3	8.0741E-7
3.6550E+9	5.4554E-3	7.9903E-7
3.6600E+9	5.4941E-3	3.3963E-7
3.6650E+9	5.5404E-3	3.72568E-7
3.6700E+9	5.5762E-3	1.8499E-6
3.6750E+9	5.5990E-3	1.30665E-6
3.6800E+9	5.6313E-3	1.39532E-6
3.6850E+9	5.6806E-3	1.08839E-6
3.6900E+9	5.7357E-3	7.28461E-7
3.6950E+9	5.7702E-3	9.40948E-7
3.7000E+9	5.7980E-3	8.78245E-7
3.7050E+9	5.8294E-3	6.54323E-7
3.7100E+9	5.8667E-3	6.97276E-6
3.7150E+9	5.9026E-3	9.38943E-7
3.7200E+9	5.9132E-3	2.3614E-6
3.7250E+9	5.9423E-3	1.29719E-6
3.7300E+9	5.9731E-3	1.7341E-6
3.7350E+9	5.9913E-3	8.22306E-7
3.7400E+9	5.9869E-3	5.35035E-7
3.7450E+9	6.0046E-3	1.07263E-6
3.7500E+9	6.0199E-3	7.37881E-7
3.7550E+9	6.0155E-3	1.09098E-6
3.7600E+9	6.0278E-3	8.52693E-7
3.7650E+9	6.0140E-3	4.06511E-6
3.7700E+9	5.9794E-3	2.01157E-6
3.7750E+9	5.9344E-3	2.67991E-6
3.7800E+9	5.9028E-3	4.29282E-6
3.7850E+9	5.8621E-3	2.81134E-6
3.7900E+9	5.7926E-3	2.02807E-6
3.7950E+9	5.7037E-3	1.14638E-6
3.8000E+9	5.6214E-3	9.11219E-7
3.8050E+9	5.4970E-3	1.08678E-5
3.8100E+9	5.4112E-3	1.90477E-6
3.8150E+9	5.2882E-3	1.00081E-5
3.8200E+9	5.1529E-3	4.38323E-6
3.8250E+9	5.0003E-3	2.5723E-6
3.8300E+9	4.8162E-3	3.89099E-6
3.8350E+9	4.6256E-3	4.70945E-6
3.8400E+9	4.4266E-3	4.53397E-6
3.8450E+9	4.2415E-3	3.83493E-6
3.8500E+9	4.0047E-3	1.85058E-5
3.8550E+9	3.7930E-3	1.21545E-5
3.8600E+9	3.5319E-3	8.25367E-6
3.8650E+9	3.2790E-3	9.60732E-6
3.8700E+9	3.0362E-3	1.5997E-5
3.8750E+9	2.8199E-3	1.26466E-5
3.8800E+9	2.5200E-3	1.99105E-5
3.8850E+9	2.2778E-3	2.81176E-5
3.8900E+9	1.9553E-3	3.19555E-5
3.8950E+9	1.6374E-3	3.98923E-5
3.9000E+9	1.2462E-3	4.8903E-5
3.9050E+9	7.6647E-4	4.71022E-5
3.9100E+9	3.2645E-4	3.16971E-5
3.9150E+9	7.5029E-5	9.92042E-6
3.9200E+9	8.2100E-6	1.38089E-6
3.9250E+9	3.3825E-7	4.33833E-8
3.9300E+9	0.0000E+0	0
3.9350E+9	0.0000E+0	0
3.9400E+9	0.0000E+0	0
3.9450E+9	0.0000E+0	0
3.9500E+9	0.0000E+0	0
3.9550E+9	0.0000E+0	0
3.9600E+9	0.0000E+0	0
3.9650E+9	0.0000E+0	0
3.9700E+9	0.0000E+0	0
3.9750E+9	0.0000E+0	0
3.9800E+9	0.0000E+0	0
3.9850E+9	0.0000E+0	0
3.9900E+9	0.0000E+0	0
3.9950E+9	0.0000E+0	0
4.0000E+9	0.0000E+0	0