#### Angles of U/V/W unit vectors wrt X-axis [deg]
#
ANGLES: 0.0 -120.0 -60.0
#
#### Length of pad's edges [mm]
#
DIAMOND SIZE: 1.0
#
#### Offset in [mm] of the reference point wrt X-Y plane origin
#
REFERENCE POINT: -52.395 53.250 
#
#### Electron drift velocity [cm/us]
#
DRIFT VELOCITY: 1.0
#
#### Electronics sampling rate [MHz] (eg. (512 cells)/(25 MHz)/(1cm/us) = 20.48 cm window can be recorded, length of drift cage is 20 cm)
#
SAMPLING RATE: 25.0
#
#### Electronics beam "t0" trigger delay [us]   (eg. (512 cells/2)/(25 MHz) = 10.24 us delay is needed for the beam entering in the middle of the drift cage at t=0)
#
TRIGGER DELAY: 10.24
#
#### Acceptance of drift cage along Z-axis (cathode has the highest Z, beam axis has Z=0 by definition)
#
DRIFT CAGE ACCEPTANCE: -100.0 100.0
#
#### Columns: Strip_direction / Strip_number / AGET_id / AGET_ch / pad_pitch_offset / strip_pitch_offset
#
U	1	2	62	0	-71	56
U	2	1	0	-0.5	-70	57
U	3	2	60	-1	-69	58
U	4	1	2	-1.5	-68	59
U	5	2	58	-2	-67	60
U	6	1	4	-2.5	-66	61
U	7	2	56	-2	-65	61
U	8	1	6	-2.5	-64	61
U	9	2	54	-2	-63	61
U	10	1	8	-2.5	-62	61
U	11	2	52	-2	-61	61
U	12	1	10	-2.5	-60	61
U	13	2	50	-2	-59	61
U	14	1	12	-2.5	-58	61
U	15	2	48	-2	-57	61
U	16	1	14	-2.5	-56	61
U	17	2	46	-2	-55	61
U	18	1	16	-2.5	-54	61
U	19	2	44	-2	-53	61
U	20	1	18	-2.5	-52	61
U	21	2	42	-2	-51	61
U	22	1	20	-2.5	-50	61
U	23	2	40	-2	-49	61
U	24	1	22	-2.5	-48	61
U	25	2	38	-2	-47	61
U	26	1	24	-2.5	-46	61
U	27	2	36	-2	-45	61
U	28	1	26	-2.5	-44	61
U	29	2	34	-2	-43	61
U	30	1	28	-2.5	-42	61
U	31	2	32	-2	-41	61
U	32	1	30	-2.5	-40	61
U	33	2	30	-2	-39	61
U	34	1	32	-2.5	-38	61
U	35	2	28	-2	-37	61
U	36	1	34	-2.5	-36	61
U	37	2	29	-2	-35	61
U	38	1	35	-2.5	-34	61
U	39	2	31	-2	-33	61
U	40	1	33	-2.5	-32	61
U	41	2	33	-2	-31	61
U	42	1	31	-2.5	-30	61
U	43	2	35	-2	-29	61
U	44	1	29	-2.5	-28	61
U	45	2	37	-2	-27	61
U	46	1	27	-2.5	-26	61
U	47	2	39	-2	-25	61
U	48	1	25	-2.5	-24	61
U	49	2	41	-2	-23	61
U	50	1	23	-2.5	-22	61
U	51	2	43	-2	-21	61
U	52	1	21	-2.5	-20	61
U	53	2	45	-2	-19	61
U	54	1	19	-2.5	-18	61
U	55	2	47	-2	-17	61
U	56	1	17	-2.5	-16	61
U	57	2	49	-2	-15	61
U	58	1	15	-2.5	-14	61
U	59	2	51	-2	-13	61
U	60	1	13	-2.5	-12	61
U	61	2	53	-2	-11	61
U	62	1	11	-2.5	-10	61
U	63	2	55	-2	-9	61
U	64	1	9	-2.5	-8	61
U	65	2	57	-2	-7	61
U	66	1	7	-2.5	-6	61
U	67	2	59	-2	-5	61
U	68	1	5	-1.5	-4	60
U	69	2	61	-1	-3	59
U	70	1	3	-0.5	-2	58
U	71	2	63	0	-1	57
U	72	1	1	0.5	0	56
V	1	2	27	0.5	0	6
V	2	1	37	0	1	8
V	3	2	25	-0.5	2	10
V	4	1	39	-1	3	12
V	5	2	23	-1.5	4	14
V	6	1	41	-2	5	16
V	7	2	21	-2.5	6	18
V	8	1	43	-3	7	20
V	9	2	19	-3.5	8	22
V	10	1	45	-4	9	24
V	11	2	17	-4.5	10	26
V	12	1	47	-5	11	28
V	13	2	15	-5.5	12	30
V	14	1	49	-6	13	32
V	15	2	13	-6.5	14	34
V	16	1	51	-7	15	36
V	17	2	11	-7.5	16	38
V	18	1	53	-8	17	40
V	19	2	9	-8.5	18	42
V	20	1	55	-9	19	44
V	21	2	7	-9.5	20	46
V	22	1	57	-10	21	48
V	23	2	5	-10.5	22	50
V	24	1	59	-11	23	52
V	25	2	3	-11.5	24	54
V	26	1	61	-12	25	56
V	27	2	1	-12.5	26	58
V	28	1	63	-13	27	60
V	29	3	63	-13.5	28	62
V	30	0	1	-14	29	64
V	31	3	61	-14.5	30	66
V	32	0	3	-15	31	67
V	33	3	59	-15.5	32	68
V	34	0	5	-16	33	69
V	35	3	57	-16.5	34	70
V	36	0	7	-17	35	71
V	37	3	55	-17.5	36	71
V	38	0	9	-18	37	71
V	39	3	53	-18.5	38	71
V	40	0	11	-19	39	71
V	41	3	51	-19.5	40	71
V	42	0	13	-20	41	71
V	43	3	49	-20.5	42	71
V	44	0	15	-21	43	71
V	45	3	47	-21.5	44	71
V	46	0	17	-22	45	71
V	47	3	45	-22.5	46	71
V	48	0	19	-23	47	71
V	49	3	48	-23.5	48	71
V	50	0	14	-24	49	71
V	51	3	50	-24.5	50	71
V	52	0	12	-25	51	71
V	53	3	52	-25.5	52	71
V	54	0	10	-26	53	71
V	55	3	54	-26.5	54	71
V	56	0	8	-27	55	71
V	57	3	56	-27.5	56	71
V	58	0	6	-27	57	70
V	59	3	58	-26.5	58	69
V	60	0	4	-26	59	68
V	61	3	60	-25.5	60	67
V	62	0	2	-25	61	66
V	63	3	62	-23.5	62	64
V	64	0	0	-22	63	62
V	65	2	0	-20.5	64	60
V	66	1	62	-19	65	58
V	67	2	2	-17.5	66	56
V	68	1	60	-16	67	54
V	69	2	4	-14.5	68	52
V	70	1	58	-13	69	50
V	71	2	6	-11.5	70	48
V	72	1	56	-10	71	46
V	73	2	8	-8.5	72	44
V	74	1	54	-7	73	42
V	75	2	10	-5.5	74	40
V	76	1	52	-4	75	38
V	77	2	12	-2.5	76	36
V	78	1	50	-1	77	34
V	79	2	14	0.5	78	32
V	80	1	48	2	79	30
V	81	2	16	3.5	80	28
V	82	1	46	5	81	26
V	83	2	18	6.5	82	24
V	84	1	44	8	83	22
V	85	2	20	9.5	84	20
V	86	1	42	11	85	18
V	87	2	22	12.5	86	16
V	88	1	40	14	87	14
V	89	2	24	15.5	88	12
V	90	1	38	17	89	10
V	91	2	26	18.5	90	8
V	92	1	36	20	91	6
W	1	0	21	28	-55	6
W	2	3	43	27.5	-54	8
W	3	0	23	27	-53	10
W	4	3	41	26.5	-52	12
W	5	0	25	26	-51	14
W	6	3	39	25.5	-50	16
W	7	0	27	25	-49	18
W	8	3	37	24.5	-48	20
W	9	0	29	24	-47	22
W	10	3	35	23.5	-46	24
W	11	0	31	23	-45	26
W	12	3	33	22.5	-44	28
W	13	0	33	22	-43	30
W	14	3	31	21.5	-42	32
W	15	0	35	21	-41	34
W	16	3	29	20.5	-40	36
W	17	0	37	20	-39	38
W	18	3	27	19.5	-38	40
W	19	0	39	19	-37	42
W	20	3	25	18.5	-36	44
W	21	0	41	18	-35	46
W	22	3	23	17.5	-34	48
W	23	0	43	17	-33	50
W	24	3	21	16.5	-32	52
W	25	0	45	16	-31	54
W	26	3	19	15.5	-30	56
W	27	0	47	15	-29	58
W	28	3	17	14.5	-28	60
W	29	0	49	14	-27	62
W	30	3	15	13.5	-26	64
W	31	0	51	13	-25	66
W	32	3	13	12.5	-24	67
W	33	0	53	12	-23	68
W	34	3	11	11.5	-22	69
W	35	0	55	11	-21	70
W	36	3	9	10.5	-20	71
W	37	0	57	10	-19	71
W	38	3	7	9.5	-18	71
W	39	0	59	9	-17	71
W	40	3	5	8.5	-16	71
W	41	0	61	8	-15	71
W	42	3	3	7.5	-14	71
W	43	0	63	7	-13	71
W	44	3	1	6.5	-12	71
W	45	0	62	6	-11	71
W	46	3	0	5.5	-10	71
W	47	0	60	5	-9	71
W	48	3	2	4.5	-8	71
W	49	0	58	4	-7	71
W	50	3	4	3.5	-6	71
W	51	0	56	3	-5	71
W	52	3	6	2.5	-4	71
W	53	0	54	2	-3	71
W	54	3	8	1.5	-2	71
W	55	0	52	1	-1	71
W	56	3	10	0.5	0	71
W	57	0	50	1	1	70
W	58	3	12	1.5	2	69
W	59	0	48	2	3	68
W	60	3	14	2.5	4	67
W	61	0	46	3	5	66
W	62	3	16	3.5	6	65
W	63	0	44	5	7	63
W	64	3	18	6.5	8	61
W	65	0	42	8	9	59
W	66	3	20	9.5	10	57
W	67	0	40	11	11	55
W	68	3	22	12.5	12	53
W	69	0	38	14	13	51
W	70	3	24	15.5	14	49
W	71	0	36	17	15	47
W	72	3	26	18.5	16	45
W	73	0	34	20	17	43
W	74	3	28	21.5	18	41
W	75	0	32	23	19	39
W	76	3	30	24.5	20	37
W	77	0	30	26	21	35
W	78	3	32	27.5	22	33
W	79	0	28	29	23	31
W	80	3	34	30.5	24	29
W	81	0	26	32	25	27
W	82	3	36	33.5	26	25
W	83	0	24	35	27	23
W	84	3	38	36.5	28	21
W	85	0	22	38	29	19
W	86	3	40	39.5	30	17
W	87	0	20	41	31	15
W	88	3	42	42.5	32	13
W	89	0	18	44	33	11
W	90	3	44	45.5	34	9
W	91	0	16	47	35	7
W	92	3	46	48.5	36	5
